1.81794268764347	0.501745219289013
-0.374436606507962	0.0830643451642333
-1.45174071991738	0.157798051973368
-0.618681807567465	-0.527942514299507
0.934500962295567	0.723060699828803
1.05592925649271	-0.849941652073993
0.160227276748647	-0.796384050833210
0.287400320243155	0.725337571127988
0.632905577041240	1.68654447698160
-1.45904186908361	-0.386394169497248
-0.581709725467177	-0.505078413652473
-1.83014932210345	0.408073894625228
-0.449103079849422	1.07235614186139
0.949274703601312	0.967982891147789
0.717441409444788	0.270145532752676
2.28782860567075	-0.634406535588807
0.166727663349700	0.629763180328370
-2.15649075169974	-0.0792337539515894
1.68939930742667	1.37694916561229
1.28228074709257	-1.40821248993324
-0.582630964347252	0.141231683307765
0.222614480633598	1.28971939494037
0.779451472862399	-0.494936298659302
0.384707157585716	-0.624824952346629
0.696366922883312	-0.933634294030098
-0.112715559173794	-0.278724913806186
-0.0388237009280517	-0.200524959392692
0.0880886291129158	0.136741163276281
-0.789655973216349	-0.883348858615109
1.42296061879913	0.0825379227242560
0.00633168412961603	-0.603874898054431
0.686480847833935	-0.368728264159064
-0.854933633648374	-0.838170422573186
-1.07523531747808	-0.282475041408237
-0.0909672511936310	3.56986777687433
-0.252771832938988	3.40753236638644
1.19482381863413	1.14691785982515
0.606063709364258	0.787257533014092
0.540514429162091	-1.27813736919090
-1.44493941921490	-0.584593101281239
-0.967693807707260	-0.619405664233413
0.202051338217512	0.535301045844483
-0.347877973085105	0.482987052893212
1.29008799015537	0.108475083480383
1.34115381887992	-0.340284725667614
-0.580797689400443	-0.925848419891795
0.875135601991687	0.00532168979485395
1.39544988693277	1.13914949095078
0.320985221953096	0.427361247541929
1.62338245841983	0.181032149310173
1.06243330910872	0.657479738708321
0.214105238034589	0.584245605925614
0.876803201965984	-1.61645129547965
0.194407011291077	0.0187743520609800
-0.414892159767676	-0.425960758296183
0.358458734395179	-2.03402726516440
0.0362226680441225	-1.32855255183639
-0.364631168089117	-0.319885618861164
1.77101956701827	0.825430464554896
0.221273067715513	-0.229292809268995
2.73037758486803	0.262250813294937
-0.296165383347162	-0.897979544722800
0.564295551934993	-2.15730270605985
1.58262066304722	0.0939167564889651
2.72923012321038	-0.951181464851560
0.303564280841044	1.17258993043935
-0.790258478597882	1.73509586636980
0.803380232506624	-0.371696045350843
-1.31990270235869	1.19286412868397
-0.273845759626558	0.953648026213912
0.271866921602583	-1.41504453500076
1.48955350778608	-0.0333563180476360
1.43714152478982	0.261117763539550
-0.0275613965604981	0.522994534336934
0.923931315126527	0.676786842763219
-0.321280419965793	0.674395657593846
0.661124886150418	0.678398959398352
1.91529393853916	-0.312579719463970
0.156759609817161	0.379243765636361
-0.300536457944020	-2.25289823488435
-0.500034777469846	-1.16835069664322
0.716471380571449	1.20196562169025
1.33728872704226	-0.660738591146436
2.12567994685694	0.327559040044413
0.0540457844376036	1.50812707914556
0.163035918032164	-0.888908957861214
-0.632706740469993	-0.959284630503597
1.61199149271534	-0.492719304254721
-0.0754487241870864	0.441056579174584
-0.473237143331362	-0.204764248303628
2.18424078685721	-0.977806928725783
0.809881106272956	-1.57294658745839
0.716342804277267	-0.370261565518122
-1.00557113446361	-0.221145466215718
0.433986613232231	-0.535212822136925
0.520143592624929	-0.261972173055425
-1.09224451734164	-1.09541491865986
-0.225794451802544	0.549233489827528
-0.404921776549188	-2.17462056629639
0.527859215419956	0.144614651456100
-1.00696286411518	0.669033435302303
1.08902677060434	-0.848829159757920
1.78487471162139	-0.0570901191929413
-0.303754520119611	0.291786264353796
-0.00869663149373813	-0.614618540132659
0.506635026535164	-0.0136431885670602
1.20325198868524	0.412113496148595
0.522017729698728	-0.937149595361607
0.397046092297073	0.835157036407438
-0.482810840319050	1.09453846090965
-0.231497194486117	0.321180732968874
0.613385212333465	0.0151128385440506
1.68285053633205	-1.16449254121656
0.568393573839513	0.494840747422341
-1.20602925424890	-1.21584898482425
0.433060388963240	1.59078797675859
-0.0921207484997504	0.526475048595550
-0.244054937965400	0.264818591763603
-0.219188663046641	-0.393597890579411
-0.879766716388638	-2.17631003833625
-0.320804325089082	-1.19565443202559
-0.784415293755632	0.365328392431846
-0.364962527939069	2.41244305717062
0.117270572393548	0.740247220579396
0.174339688771479	0.309746388607370
-0.215656413043175	-0.541987183113314
-0.152611479624619	0.122283184138499
0.0336882198635355	0.962279332770060
0.458282205499795	-0.253974843323265
1.28163122088080	1.89175598926363
0.620090051558262	-1.22025413722763
-0.286673862460466	-0.376237143988673
0.598015714251220	0.0524291487772232
-0.245532675353110	-1.95393370060853
-1.78073717512705	0.565420571160198
-2.34723922894497	0.0777944624002781
-1.71359529882238	0.0807011876263225
-0.237127260967104	0.794707809437465
-0.619625814831921	1.04368893647872
-0.720160379657291	0.802184648027535
0.0406571736321824	-0.468824364835627
-0.658981428583564	-0.0465923743265948
-0.630515032828478	0.353453034782426
0.609625091181260	-1.25680056318429
0.782334970498853	-1.03603143787954
2.43658435807580	-0.426962687763533
0.302407416537707	0.0776686794320303
0.0583198538886379	1.79093025896060
-0.574133962393711	0.797263135406905
-0.195212401051107	-0.442500740824704
-0.0505312775255591	-0.629091091514816
-1.75577504072859	1.53379627132611
-0.257357623581956	2.73354038131324
0.749541885371127	0.167439077485047
-0.570764308999752	-0.478865165602679
0.494233375953117	-1.41265388318180
0.991440438825251	0.974988055068974
1.07714011343418	0.289718984218535
0.776841798206994	1.16540825109215
-2.25984035153099	-0.908705616318882
-0.564376691130426	0.240575037229452
0.901491435092922	-0.654046335191623
0.394675531568292	1.27495453830672
0.00485442371891243	-0.551190610935942
0.436918628028167	-0.0874088682817872
1.13007271999667	-0.347820318259741
0.153770741090754	0.993962534155598
-0.758627156743334	0.428436173023810
-0.180163097123277	-1.00418528016197
-0.207789586107980	-0.632687876663078
0.896745287933842	-1.04570999122494
0.412307702040531	0.505707009458752
0.547519687229463	0.331953721396756
0.147835043548960	-1.63541252268811
-0.362267155363552	-1.90684020531619
0.0611412950206014	-0.0403987210424983
0.216705550520381	0.697193329646415
-1.39812241311775	0.168802575488670
0.178870372986261	-1.54379632573123
0.927584218205604	-1.55180239414170
-0.110177935709060	0.867077803619383
1.57239787877300	-0.145372990423397
0.560490613996136	-0.386241663817012
-0.420344605627487	1.31620411236280
-0.153945389665798	-0.796464226593885
-0.275198593421559	0.135441371885595
0.241120454779083	0.417806430208596
0.754686393744638	0.819879645963700
-0.291909899784922	-0.854353379120009
0.458445379977201	0.357318588185117
1.75528863174444	2.74846655587521
0.931490591541562	-1.51297699352819
0.825264441429846	0.433979032773600
-0.814807133947271	-0.229767733464022
-0.534204178984686	-0.827086376299091
0.242551659062315	-0.831982615393436
-0.100647949072058	0.497899500583305
-1.62504844947823	2.31562610334450
-1.51442315230212	-0.793825701652537
1.02618939255219	0.540959569281976
-0.758127475958909	-0.559061357111602
2.07834478911285	1.97656605832667
-2.22198660521030	0.544660375289434
0.448763638516243	-0.137905557777941
0.000626115407103955	0.619875635750664
-0.756239309114677	-0.00558278344490564
0.404324826134680	1.10719924542420
-0.793852875281775	-0.185590108437143
0.859783195732961	-1.12141781251190
0.0668692106170284	0.246449516399111
-1.63938739369786	1.56103723018519
-2.42474991337221	-1.19662171456272
-0.283829926302804	-0.242345277992204
1.14580629896864	1.00482816344250
0.181169289545898	-1.92012580512738
0.0542502285446183	0.625445779460800
0.687753654274765	0.752960417782594
-1.39340730198454	0.213483683522705
1.42536573618701	-0.770234072868573
-0.893851157858867	-0.00713465252874278
0.0377646999541895	0.0931865247774352
-0.363569288189157	0.935251207390719
0.149556482460561	0.663517921831603
-1.94451810616239	-0.350232666735205
1.52389489453652	1.61987743935497
0.545810168063468	-0.0508330964816129
2.00992749452170	-0.812697070766603
1.41667066085807	-0.438419934696927
0.0114806655545399	0.858609994635494
-0.939049321080533	0.195215935238338
-1.73890838801446	0.888862153882707
0.0169709715690618	0.0692218210392502
0.219159093583546	2.48682132029734
1.04582061013608	-1.66564311788150
-0.950982653969911	-0.415927944852021
0.794797422861683	-0.0842246064708947
0.0714298098874079	0.0892519475074891
-0.773686902272389	1.45614720047535
0.774161843596113	0.219453518638082
0.265654717978835	-0.114877251919321
-0.235105530923257	0.0686024694830988
1.87729222495920	0.751494856970101
0.609239402441208	-0.689427057923177
-0.110273879003159	0.450813584524417
0.277457471578041	-1.56502465785673
0.0870459144723551	-0.0787959236624287
0.173593051437428	-0.941791969061035
0.453591153371088	-0.652861505816215
-0.603518030988294	0.282529239916988
-0.797023927995844	-1.12507904298537
0.360648897493697	-0.988974087143185
1.88509167734150	-1.51585876104897
-0.306821830652800	-2.22851047687315
-1.01272396093639	-0.151521678303304
-0.238545507981061	1.16274436560636
-0.484014811281357	-0.181936286155354
-0.327344521688306	-0.233953540330954
0.475517983984108	-1.04673406988337
-0.130004891142355	1.58331887778704
-0.594353281657676	-0.249413421524592
-0.443766910105021	1.29401900835506
-1.32252964774282	0.361980137920309
-0.859521166222044	-0.263052508703654
-1.41300117247607	1.08214445191656
-0.515985900361916	0.982434080192891
-1.08509809672172	-0.111443964288855
-0.707158590760918	1.29595078548944
-0.301654545754811	1.78129502150358
-1.20044050380044	-0.0656148757390404
-0.0193622662427422	-0.255680865369883
0.340370564189367	0.404638157039467
-0.963230982199040	0.351756753327098
1.11392258598057	0.807511060208285
-1.58610542602410	-0.255590492307781
-0.391794659025427	0.715113278785686
-1.48468622298009	1.04859731286360
-0.344627168171879	0.177548555016550
-1.32391590572996	0.153297684827984
-0.574834950835001	-1.25432447831637
-0.740706727609254	-1.17280085830884
-1.18500187448859	-1.46144181507780
-2.06486003648070	-1.24428798710640
0.565059812252813	-0.155099375334764
2.00014236659301	-1.61491381350160
2.22332772023387	2.24606514978483
-0.492177585883521	0.739281132309719
-0.0460029344953983	-2.06764536263329
-0.465747005835051	-1.15455058140430
0.0759474321256630	-0.107191878127395
-0.918769644159625	-1.71287908652886
-1.91946652982324	-0.459894542126372
-0.0364431430103087	1.09100010337293
-1.22512571743544	-0.163880256756727
-1.90243431779427	-0.0672404702443348
2.37424855083501	-1.00159245598463
-0.233345713757840	-0.555661447134641
0.403880739292361	-1.35155634252200
1.19246859933815	0.364211322734809
-1.68475884854101	-0.452207604978530
0.413148529949933	0.783365969886060
6.23723664787976	4.94377276849990
6.07719818143346	4.79031971682780
4.96515887639626	5.19210155851939
4.49601266603730	5.99233228899097
3.77598102519121	5.57624419377870
5.11850908278750	6.30578377155815
5.95947350073537	4.27069416813450
4.65906956140593	4.13542531242176
4.82668166901584	4.90507900859342
5.61630050767484	6.38321391556811
5.86391936958770	6.30368137352944
3.58308583302375	4.87418781944396
5.19995195861504	4.40312621504398
5.19582685281980	3.47935367438714
4.84886759706182	5.67184160066350
5.89278416303442	5.02284429005612
4.63580981191638	3.82221141374605
4.17381131143964	4.66542183590025
5.27601130526878	3.17054479139210
5.45979730097268	5.42998959695220
4.78249332961475	4.82600653768634
5.79612296743140	6.63124241928948
3.48197743211419	3.64057197856949
3.92508296761404	5.97050668196924
1.92783426602799	5.14363981048730
5.52140718862572	5.08260359115828
4.00897637352444	5.71666401455796
4.74687426249667	6.19348386200520
6.00926526235896	3.92893808125392
5.05101205309721	6.31890220931255
4.55956720898921	3.78999685880536
4.15153058869567	3.92588509822667
4.75962916074618	4.32743991815706
5.60292943616153	5.73646218157546
3.48374634897366	3.93003930719972
4.93165149771857	5.33471511952614
5.78239286520973	5.41188259525515
3.57927407692515	5.15412018753439
5.66936513082302	5.55457069767033
5.68323663772442	3.82715431154385
4.11786377677306	6.00758668596220
3.49549124452009	5.11352028011021
5.43313939884596	5.73005086744430
5.80825571343751	4.01648821948116
5.57893798582192	5.05203155671805
5.76284912580718	5.87759937259473
3.81787296605460	6.01414104094213
5.58384769010421	4.91565158921320
4.41999031811603	3.14646842365379
4.43863281080765	3.90317929014067
3.44410351814122	5.21862762752517
6.10020845629523	5.79424585072032
5.17505830190118	5.46312419493149
6.00361131033307	4.38736997577960
6.51100817427897	7.24439981063933
3.86276096968423	5.07234760835936
5.64301839316137	5.86551439630276
4.98723995594397	4.58430353340430
5.91425972500937	3.88506189407376
6.10769457603403	5.68525242793293
5.82047146146629	6.03767321527948
4.18238816774506	6.82221152843106
4.87351477889479	4.47101150692324
5.26414290578866	3.37203326700441
8.15852807293036	6.61730243170781
6.22661722851171	5.26413674191525
7.32063532135348	3.87285381434083
5.41449786063902	4.44082414096478
5.21183156678029	4.19115484346264
5.61316689170251	6.16100428559655
4.47222303918381	5.59210526914654
6.24160125135253	5.24274766448453
4.84236931718748	5.24047748467937
3.62639821540640	4.17849960115298
5.87083815471791	5.99311212621320
3.43146669785882	5.34639472451811
3.15574710408444	4.73886647263345
5.28840980970369	4.81528709491202
4.04908887248680	4.89826500042124
4.08926790593201	4.11295685617196
4.83805082969741	5.74137709730535
4.51109823428106	6.39220787088793
4.77721799206449	7.47390028937627
5.27206649643805	5.50391924269087
3.83146910616956	4.17751944616943
3.77576569307078	5.20098187064634
2.90052130037434	3.99294747249092
4.60975736994046	4.38682843976593
5.66428175775903	4.34103660915048
4.29773599281982	4.16677067248804
5.50132753430847	5.37817929688714
5.54031374569774	3.88465740399183
5.99075098653198	5.66724135174662
5.98937811670199	5.79533280366610
4.31115881708184	6.03749185434765
4.14316239339945	4.97956880739732
5.04839001765975	5.61895308586923
4.33514659713242	6.80306351071647
6.45274196098984	5.05299331129256
6.37984575214444	4.82210991316582
5.09513641896970	6.77248256195541
4.57287293601605	2.49119638691911
5.51080780984162	4.54341081464077
4.34372637561954	7.43037753693738
4.87498322405135	4.52854591410129
4.46953329969274	4.43967150885168
5.10558639926695	3.77353262623636
6.12835040662740	5.79295036359822
5.74247804109563	2.89005956815573
6.14360315451890	4.20060487399405
4.08528575494457	5.56697509289923
5.17980167192443	4.99855710113744
4.01665217979915	5.62392466625475
5.38482857075198	5.12644083103468
5.32569763223967	5.68086779418754
6.29631036855968	3.71258408613926
6.09922948349201	5.21808485252473
5.65322304874917	3.43343292630420
4.49492661272859	5.78328193083687
4.52400619301661	4.68943009127843
2.94843857816875	5.65532441157286
4.55169546206056	4.46253264032925
3.44880346513903	5.32864340325321
5.92982577846947	6.05407197142897
5.90193997185898	3.02030068084582
5.13828744905372	3.13261181541281
4.62159224149845	3.16764432897465
5.14306425738603	5.84859211514014
6.60503866642016	5.40518726006168
6.34911605429135	4.29754396343999
4.55155788864905	6.49904602128465
5.16841132092167	5.13779486573036
3.87950330498727	3.41317860009655
5.40073090756309	3.98085448516236
5.73906264470299	3.61476625897407
5.90004470462963	5.95488643030715
3.46878172784092	4.39887968062904
5.50462078686648	3.82810919585472
4.13578535406105	4.42288969290326
4.62344504801290	4.16356947554694
5.78801040504677	5.85296953008717
5.29820564149695	5.47733117867658
4.83625816319515	5.30232007494690
5.60673254553447	5.41577619061790
6.63449867890992	5.04297482930469
4.37650627568332	4.05114676994282
3.64989983405678	5.54160836625546
3.83775902095494	4.17887174128111
4.05572079856845	3.92809495155091
4.32878906012606	3.92590836362174
5.57668116986182	5.86955280731327
2.91422991223796	5.98105141452526
5.23596388357804	3.24117463086099
4.22157864999973	4.85190404243296
6.09956194539538	5.25194174617539
4.14443570436396	4.38961537410717
5.00755762356315	5.76097981021838
4.06241423119789	5.25442950225039
4.31844031749082	4.84716632306262
4.73986056960894	4.44258912479082
4.77120463569119	5.67701765684745
4.47518700601009	5.84929744042206
6.12831851475534	5.46930718258995
5.55013924952215	4.76021829551074
6.85514736069923	5.92098545380990
4.72270120546938	4.09311862159291
6.06663077087253	5.14444060627547
2.90076114900963	6.39640902818180
5.63848376941835	4.81030124039511
5.37146545665710	4.15616410917400
4.62582070008588	6.94343804984731
5.69534832615125	4.75307845942512
5.87762874087129	5.44161915586591
6.03360564858667	4.19638851577964
5.41979132036965	5.28760943270448
5.60106922788126	5.46701809375390
4.32598168628291	5.00456160956192
3.90482154309763	5.32609035860327
4.73238327431416	6.20458671653349
5.18655037190131	3.59588416792914
5.95094467183009	5.20556355545433
4.20948126310344	3.00880421057793
4.51052201806754	5.02840893391827
7.97447387060198	6.93051540875233
4.37741464312849	5.94113678832666
6.92030299011263	4.99307554869813
5.96114892675132	4.66175835272769
4.44219683537589	5.52826578368137
4.89344484843436	6.05689959434016
4.78483875349711	5.01474061660244
5.47348969209845	6.61476126691229
6.36564095839248	4.18414503814382
3.36219628393087	3.00224087563348
7.02372886496699	4.25180859168525
5.77778928558837	4.80069597936153
4.45109807677019	4.62723992202956
4.87398863988357	4.15262883983521
5.29958040729993	6.33723804312817
5.29617118400922	3.38368274205215
6.20078291754841	4.50818240506843
6.09017282673477	4.03069843299257
4.64129677465403	4.52589207947310
4.87007236950973	4.33383617480591
5.73373752377581	5.47837468311500
5.12033157031684	3.95894186698785
6.13633128468824	4.17934090934243
4.31322688128078	5.10112960601311
5.47168286344277	6.08398253686458
5.28834246545593	3.14547276261703
6.39185483504681	6.79975278578809
3.65449798983891	4.12162569442147
5.00074740619173	5.64773272643321
5.05349480757377	6.04956503225249
2.65809480608832	6.32309337684571
6.24809514455416	4.48264103436202
7.80923185356508	5.02431494971106
4.76781513822437	4.83763312644646
5.28703214689339	4.39433891393262
4.53539551010664	5.27170976400902
5.38431777671226	5.35864341217906
4.62017247664669	4.64768487721931
4.89822177245450	5.13235992819972
6.61815114170313	7.67358177719941
4.15277011735014	4.99243392455546
4.42411682328718	5.71030293666139
4.92408687163145	4.53746063718710
4.86752840782227	4.47212209939989
6.43930966613682	4.65421293309550
7.03126291502474	5.56455777373437
4.02179838994977	4.19846085599793
4.35897633200762	3.14705321483177
5.52047566951604	5.05321601745319
4.61930000384601	4.56358478294511
6.99285194124338	5.28000747226616
6.63587024814945	5.08460588718095
5.55901889132950	5.72911905956814
5.56363758440702	5.90075309564583
4.66160337867572	3.67436170546814
5.76364737158536	3.47542117151499
6.12744234603730	5.50243333306286
5.14157116726305	5.30639142564950
6.92813410297015	4.06083953468134
5.67063790955333	6.23740212643015
4.88988876300060	5.03301191455503
5.37096225801191	5.12356831822123
6.09659469334834	5.27393937955077
4.60183689284492	5.75416580828241
4.91453744871150	6.52449750573380
7.37328741115302	4.73802423774430
4.52607898006474	3.26931649222705
5.94634085841825	6.01346429999008
5.81816157586699	4.07226390155370
6.58897088443884	6.24368028622358
5.52601199721206	4.41051130241411
2.53480244733793	6.49148173478654
4.14747205743548	4.19402190528573
5.51173541276048	3.88740094724680
5.25777491137441	5.95693956809938
6.96244739500166	3.63694841106271
6.40631490892524	5.68058496272415
5.49683373192458	5.43782362256573
5.08283056227552	4.85673245332796
3.45152213502355	4.65846749539944
6.86315963313024	7.05781063406419
5.13402662181891	4.62546496457420
3.45399742617379	4.80979680254716
5.43328239619163	4.06126758938830
5.10295421998747	4.18653763561683
4.42965390012336	4.41638124847140
5.49306215669375	6.70952537052387
4.29248678649202	4.60958018222896
3.65197496402915	4.30993463672020
3.24569846906380	4.55177929807091
4.63619104535263	5.71437635009961
4.37290599437388	3.68426875171689
5.44015025271405	5.62712209526315
3.49735887109085	3.66870515673932
4.79176455565003	4.86915184824033
3.49487454041677	3.17310382928203
6.80974082267486	5.53592246511016
4.88302743224813	5.69286471543664
6.22620898517007	4.31245024491926
5.49494314446408	5.31757575644042
5.90859485435771	5.16284234012427
3.84578116523142	6.15911590583064
6.25755551743135	5.12838805866360
6.45253241673925	6.03945813330173
2.92318851483690	4.88322885869547
4.82351199593344	4.35170308989575
4.34791780852425	4.96201879511236
5.15653380369264	4.80067518122789
4.14977420569265	5.88166987201569
5.27904591870816	4.94385592909307
5.59709373050610	4.15876113061260
5.24471670780635	4.84515616191396
4.88165348892492	6.18859467046427
3.71059211805484	4.58509272076415
5.05756364172883	4.34138323748860
4.47906711272754	5.98399066809865
3.72097310822035	5.10122749455856
3.63729417587986	-6.35478894647888
3.26117216817488	-6.15744200050999
2.52015758977006	-5.76198635978483
4.15337174947240	-5.25029958717441
3.68298252813902	-6.64876308536088
4.31891825240305	-5.18199061726951
2.54345341205313	-4.38431277027982
5.32183450188479	-5.37667427086739
4.48720393755109	-5.69803526958602
2.43337375085343	-4.69587756996980
5.05705962894953	-3.89892008091808
3.41242220342070	-5.44660797103783
4.30222161793239	-5.46671224876816
4.21946238842098	-6.43582064791169
3.12179889848766	-5.97771610855121
1.13860024072915	-4.39410540048512
4.53555529658525	-5.11365452474582
3.65796269009798	-4.23543844901022
3.40214114526396	-4.33010254456500
4.41891270841030	-4.62421631122453
3.31031927922629	-4.23334718582685
4.67119104129094	-3.47652815539256
4.15089746051902	-4.42317580619647
3.00868111516487	-4.57402698387923
4.83682994774833	-5.04293097054764
4.47450897023527	-6.24226301124121
5.25216585476992	-5.50495167147514
3.10737734433934	-4.67414868918479
3.10472577063163	-6.11142337266293
4.31332592752611	-4.53181567589084
4.66703316126887	-4.67738712380868
4.82811655230354	-4.89997856237877
4.00650927822732	-4.69856541917903
3.76410780286328	-4.97617636241795
4.65282109495284	-5.02205473419634
5.96453251156114	-5.00875792875206
4.88458417347577	-4.07054486885009
4.08453695707615	-5.09043231203495
3.42548593874151	-7.64114578749155
4.49975063074341	-5.48614999229960
3.51589551738815	-4.80403037792647
4.23844563564853	-4.04027779275020
4.77824819147493	-3.61967562026952
4.92427293189590	-5.94146363795623
4.58813791429357	-4.23913189560303
5.37793427720460	-4.76207955208762
5.85120493279698	-5.20837345944104
2.10233523255532	-4.97526080075906
2.22131582089219	-5.02809110360591
3.07735876339327	-4.85964087177991
2.00207291637244	-4.76241381732624
3.64289994227731	-5.67154872555482
3.66359924011118	-6.04500001838768
4.25042600478725	-4.03423335813354
4.28616190117018	-5.21975652059170
3.31383143188757	-3.58546414230441
3.18668551225551	-5.92418665592690
4.79340255885187	-5.59414081990742
3.61805474604867	-3.57872454855042
2.62879582983702	-3.59239235329033
4.01030745442555	-6.02900075548343
4.20413204574798	-4.79348776859889
3.58897449367546	-3.65888869409752
4.66356117934431	-3.66728342587396
4.22578213943444	-6.28489470391631
3.78715688686842	-3.38162410905674
3.95596542898766	-4.33835623188308
4.45818182285672	-4.77265355772982
3.55858262119157	-5.22557613072058
2.94505327772266	-5.96599343730628
3.84441574049417	-4.90498213898805
4.12914786325199	-5.25673250089509
4.50942832759754	-2.68986859452748
3.96987647050568	-4.80994027794689
3.54263505031996	-5.17340399402517
4.59633562576647	-5.01402882307576
3.88647155431136	-5.61273831361311
4.80702441544111	-2.92820005583267
3.91019726041862	-4.36297591466625
3.99370787478795	-4.92510606720353
3.90813932855811	-3.87673280680937
3.07876171781688	-5.03312793782661
3.07304846676760	-5.09774770541420
3.03877932724786	-5.55661989374634
5.78482983886684	-5.61549900608179
3.79981101378372	-3.39544679040232
4.94041165428626	-4.23150456585900
4.34915633715541	-4.91306652672047
5.85928030068645	-3.29564086090447
4.92707197316170	-4.97636614466187
2.77303615618429	-4.70995718027144
3.67276085950578	-6.41989920629391
4.89164640070800	-4.52472644305652
4.28818557813052	-6.44731903766646
6.26519543357233	-5.98827999317181
3.95210966953623	-4.05062047736803
2.44813593146776	-4.64877602545355
4.44408331203163	-5.87228157269773
3.08818112319047	-5.39812717152449
4.04943464753872	-4.74356411674082
5.07804587481937	-4.77997454726468
4.30817875998113	-6.71144058255245
4.29963854270211	-6.20575524107336
3.80278154445822	-6.77291365049391
3.85357756705716	-5.07249164217267
3.89692913022109	-6.72111484736827
1.20101805416758	-4.29811877057429
4.39327517604536	-6.00546799475347
4.99024715265188	-6.10642682179053
2.70236708932798	-3.20944009655810
2.47803163796260	-2.83761584402376
4.62101130766388	-5.81927751768226
2.49247741487626	-5.03704958973124
2.32059786164204	-3.03699600760781
4.78897620073039	-5.54026637087654
3.34571763946534	-3.28249620725334
5.24490301031691	-4.18019171848698
2.70773558213502	-4.94447916625774
3.38564752637740	-5.35312533521493
4.24169521135515	-3.30685071295379
4.54934914799179	-4.28894959501975
4.46763431756272	-5.63276393666379
4.19145700300904	-4.60727361264020
3.77019504423337	-5.87796156612756
3.42078316007687	-4.85105457079035
4.48048117716683	-3.46812190454019
3.61316735813327	-4.46815223880020
4.42161554136937	-5.75966711581130
5.08770585526875	-4.65201585929525
1.75066810155600	-5.69780270002509
5.80448013956929	-2.98068522665395
3.36793962056809	-6.79369953406574
5.31645820719660	-5.65950755241021
5.55159205849066	-4.22854666204232
2.53109189649323	-5.82034109613754
4.17693835608697	-4.98211181817940
7.46625991439170	-4.34546477650218
3.78537327555497	-3.74230123355202
4.48628256341972	-5.92707999054493
4.33088511992298	-5.16987766620126
5.26790208092984	-5.47167248760314
5.09051420554461	-5.11423348923079
3.05354938966420	-4.63051310773068
3.56150085638931	-5.61861527853975
4.34322067226553	-4.19988487606799
3.94159661805349	-4.57330394766564
6.53497468773507	-5.47233075519957
4.43864543776020	-4.72404821955590
4.43751771799850	-4.01577290085376
3.16232400481294	-4.00689256308963
2.69249738397525	-4.33179087747146
4.79414271542166	-5.06499842427498
3.80273621055439	-5.62009863409889
4.64915281625448	-4.77589573287694
3.16852572784033	-5.46613619498371
4.89595406000116	-5.33208688038727
2.18651357957175	-4.07518519327940
5.56668345394797	-3.55297447950537
4.84650066455870	-4.40416789251138
4.11015483625554	-2.94672944373851
2.83889847158377	-6.52925034167209
3.60246429743807	-4.97731242479837
4.25429431104049	-4.90471518989005
5.20778943607426	-3.38547366486716
2.96645838730009	-4.49872682805236
5.29514675428588	-5.32384021109068
6.76812303334222	-4.44578338990372
3.50465285060764	-4.35755654469989
4.46876552442186	-4.81737488552362
3.34270311284399	-7.02747637513471
2.28304275772568	-3.97691905799483
5.47051910410640	-8.49154181735610
4.69413726560036	-4.89051036483171
3.48930301332536	-6.55133147539103
4.11338738332087	-5.35511091283646
3.77019285233598	-3.60144251928470
2.53826715998068	-5.51347495682935
1.11766386006034	-3.08282035687664
3.95253239247063	-4.22158943645851
3.53753404963811	-5.24645511014379
3.42335410524888	-5.90353165389076
3.15403164049721	-5.49590225815941
2.18276448589967	-4.62550521384870
3.47826938556455	-7.37053209918113
4.16143587804733	-4.38493799232504
2.93818912513209	-4.72053501817376
4.45049373922111	-4.18113491174173
3.72720192677619	-2.95249345794894
3.89854564926514	-5.32374435117048
2.57089405207133	-5.98054229293486
3.23559056130862	-3.82036582951998
4.41013754331199	-4.10541724681281
3.21006725093951	-5.14293062305507
4.16163712936933	-5.59347052932442
5.97790399736349	-4.75108280167241
4.79526642730976	-6.12978234421128
5.03736673316936	-4.93390538548255
6.36032996494344	-5.63792459434566
5.17539509969254	-5.81930764657120
4.39774042613656	-4.03204647833126
5.95124871677449	-4.96965099014942
3.09534363579482	-3.64890347617827
3.31784780843345	-6.08637426271259
6.01829157670990	-4.75973496092883
4.45434317836119	-6.04618127879503
3.95789582018098	-4.38128235531400
4.45816730424159	-3.69496579210987
3.73585586396849	-3.97650891863163
3.70801485264835	-7.11538245061725
3.61320185640865	-4.31827113268033
3.44600706700735	-4.99129072457551
3.05627207157042	-4.66572667167264
3.94015181735112	-5.54741276318791
3.42531522989386	-6.65098434299889
5.44185529943168	-4.10720672152001
4.23552672977171	-5.50705554993292
5.02137655041072	-5.32979114942390
3.86016946705756	-4.83164620175103
3.91844889694075	-2.46325996986112
5.25824675195836	-2.70637333859455
5.46853400199602	-6.31866091745920
4.03294085603923	-5.47413473404022
5.69247814529552	-4.01261800698296
4.47572855838826	-7.07302643233928
4.36853021841770	-3.75597388001659
6.19200072423306	-5.31523958094981
5.53568510486071	-3.60070600106567
4.90726021532291	-5.87988139543413
4.40225958235528	-5.92247245535207
3.46161799903292	-2.68559710146867
3.88478451169404	-4.41198679590626
5.82200005530299	-5.30976763476765
1.97849334193974	-6.03296414734987
3.36302253927677	-3.89664926610975
3.81119677583989	-4.65789106922847
4.14827504194468	-7.26399322247932
2.21611995603587	-5.90328581668483
4.52906754795198	-2.02997104977550
4.72973186147393	-5.01176629594869
3.05986507660088	-6.99953906880310
3.74071305040408	-5.88801531134959
2.78645516642794	-5.41990239746405
5.62454966683281	-4.30542164371656
4.37351240828992	-5.16275269503594
3.74910820530741	-4.89842335833724
3.07454409849097	-5.01785846144094
4.09866032952291	-5.96032709184664
5.68427984005199	-3.82719435474456
4.27525939974614	-5.36527268328748
4.35328937939702	-5.46341064454283
2.79962443685672	-4.80501042802260
4.16612867589187	-5.06694650265186
4.77616176392003	-5.52153013666827
2.61856459695025	-4.87290023895770
5.12827902028460	-2.88698152606475
6.46543958503310	-4.45871890386579
2.44208278158426	-5.65508527341478
1.93335217978154	-5.86952872714215
3.92740133452148	-5.23889789167639
4.75911144020616	-6.57598732060313
3.91833585156023	-3.17424877197445
3.84152670935631	-4.79573252118457
4.00649803650128	-6.16339579241533
2.93539219836511	-4.87939018135498
2.35608492655033	-6.44351837415391
5.58154982800312	-4.41765395395335
4.29261414035481	-5.18146546682504
2.81239142167764	-4.95799021836415
5.07593673656561	-4.63815805394781
2.70262839873231	-4.14628537769517
3.87822977016923	-5.80977201817191
4.74077153887863	-6.46705066866850
3.15928237437764	-5.10389623740172
3.65052919627384	-5.82291339189535
4.02963195672281	-4.57501858443074
5.95237346046335	-6.85468437242697
4.45902353194084	-4.14142491120760
3.60068806953172	-4.69360634935189
3.77461535665331	-6.11156175255254
3.71971705712677	-5.31724072189193
5.30672456257814	-4.16213734615232
3.71562486513277	-2.57353468942883
3.20828951016343	-5.35108944180017
4.24061888824691	-3.61803816105185
3.90535401616507	-5.86065546220031
4.79323467780775	-4.79310952630401
4.95943952846312	-5.20749723790563
5.08710281851145	-4.65974296482097
4.64716871464528	-5.49811214512551
4.63255017014916	-6.42139466596222
5.90327632266187	-5.27077415357285
2.83997446276912	-4.56033689018965
3.65269073707907	-5.50614377207998
2.30493534258453	-5.18434823250350
4.91938605903626	-4.59800099003497
4.02153121685527	-4.46077175872525
3.70065966625727	-5.73359321784596
2.27898415657423	-5.26837198934066
4.18343187112200	-4.12940157228541
3.74026770329077	-4.66923948110094
6.65210332111332	-1.87183351547791
9.54787178522743	-1.78791653326769
7.38336325440713	-1.34433974006868
7.30142903769349	-0.352382908913709
6.57640491587047	1.05412674418054
7.89036763936089	-0.201058252969907
7.89728789106798	-2.07107746056965
7.67728339564259	-1.20515548929521
7.16041261315958	-1.55444310490017
6.33944899463830	-1.29294309871718
11.0124865729861	0.180231981119229
9.50084046291411	-0.622604935468236
7.64100837458912	-0.00842564236460930
7.88512067054842	-0.396548115552054
8.35890114621944	-1.79288612191016
7.98786264548431	-0.0691819473796468
7.42964023900230	-2.35038833449603
8.93403476950694	-0.200210523514866
6.86168320647099	-0.400362578557728
9.95723819452661	0.100428878736311
6.23677052962125	-2.41974182339825
7.67666567015348	-1.20363609362753
8.87259219265566	-0.982086932803161
8.11791539067019	-0.899648560628870
6.49694520509001	-0.123643395147019
8.92183521978273	-0.299305792381256
8.16324491314838	-0.347984229913883
7.18532916117670	-0.821469610946379
8.40371008860722	0.676010400555342
8.75615740753492	-1.32509744064866
10.1844396821923	-0.898852165972651
7.90621745634308	-1.57669222881785
7.70579391101668	-1.06152810977958
7.49519440562835	-0.274412237087357
6.07300098780056	-2.22734182911201
8.52138066717758	-0.809069403904198
5.94558882615938	-1.73481837709991
7.73016248800925	-0.211615478785230
7.72496794201279	-2.96538223384971
8.84514475283814	-2.95552421447918
5.22881856226373	0.624293527953950
8.91807490872273	-1.14942006195560
7.48074565618798	-2.96826811180660
6.70698783375178	-2.68613750262538
7.99128190732507	-1.08692168873380
8.23335268086435	-0.692613908928797
7.57580430070322	-0.662454387085820
6.53055132406825	0.0669917599945311
9.20642031613296	-0.667058480454965
8.19734222147388	-1.07348365130572
7.29312447082736	0.0477568329704265
9.21636725971669	1.05886288679082
8.36717042086536	-0.973306649748047
6.73248443715414	-1.24052428717581
8.62105007065534	0.0384751838502340
6.20454540360877	-1.50722529373762
6.94216052274849	-2.48307970364061
8.15154448144891	-1.10648791232672
8.41126406820435	-0.754736063442105
8.07049778620993	-0.854206967643867
6.06697339627578	-2.11808541542505
8.81872201382173	-1.59694114126812
9.26175710906169	-1.67948815245921
9.16734286458427	-0.0449455507816161
7.42967000512198	-1.13080054185691
7.60610242842191	-0.350595822129401
6.98256598180836	-0.401484961571290
8.25020587164632	-1.19250055558884
8.25212480896481	-2.98079893515188
7.22852109472783	-0.637061729822007
8.91954545836069	-0.296050401013194
8.85215754844978	-1.75259694496761
8.65712618971085	-1.01691747059205
7.24653565957680	-1.44166418177245
6.66149817427862	0.701334800416808
8.65222508388382	-1.03056922033474
9.44721667524889	-0.796082244904544
6.70987402596673	-2.04781022786530
5.79181079995414	-1.73537035954001
9.43610811650967	-2.35656259759680
7.93832779724409	-0.271414421608258
9.17780645435410	-0.392813145780892
8.98551341781346	-1.82828538490501
6.78142160445712	1.88764428782366
7.56812170993077	-0.0808645909056651
7.16505870570274	-0.594210961757884
8.17968010364840	0.916183891689425
9.16630242503443	-3.45568757699216
8.05598594228618	-1.09106341039763
5.89995815427979	-1.02468004630339
9.23529708942021	-0.800063954186920
8.00267152700952	-2.03831466318751
7.54046320817967	-0.470633165748484
5.89682340812918	-3.21711879771222
8.37392168496568	-0.892583615421712
8.24518050793503	-0.561090586466312
8.33857919780281	-1.04099340741116
6.92193483768007	-0.635690823489316
7.26983766754790	-1.76369762161046
7.08367273009667	-0.450475948100679
9.78755317540240	-1.37463762055758
7.17959647080230	-2.65915894368161
7.80328866214603	-1.31022860077610
7.10985625803159	-1.61994303200584
8.91074861362809	-2.02459118580496
7.98773475018967	-0.495001489441970
8.07281448237808	-0.959526886612579
8.93941630823769	-1.25473023019453
8.67523733838125	-1.54773591853141
8.78596852407999	0.676593949729147
5.86725930702208	0.173002877013457
8.21992963720875	-1.18906131403519
8.96628553872955	-0.913427356868828
8.34999410835277	0.512560101284293
8.90181528167556	0.793270720180716
10.1211884183231	0.102620544214663
9.24858666522948	-1.32584745556155
6.87681420255213	-1.58281492081605
7.16991492669282	-0.248412763341428
7.87822126043320	-1.86373431766227
7.35740894346171	-2.07087557994815
7.92105003344287	-1.35523679868217
9.22811276969363	-0.0441204281122731
7.46863416481612	-0.840718347942084
7.71389519945525	-0.755058192367479
7.77239434506381	0.124749677167064
8.67452316858737	-0.765372081701803
9.03684000012563	-2.13856247922866
7.85053747709558	-0.157906361511557
7.68291865608848	-0.523658163845784
8.93359467369858	-1.08838968956526
8.72328408900203	-1.41303562888769
8.48818481335515	-1.54458330706548
11.2661987276389	-1.02400668595489
8.03170075779403	-1.80051365720659
8.34127493453540	-1.51219036543919
7.91646901111730	-2.48667537357260
8.61642109100160	-1.51864189067548
7.47500080608189	-1.69322905114559
9.00770674116118	-0.422348223122466
9.82910223666155	0.454966962221869
8.08528806863747	0.0354848498389662
7.93167527528065	0.0468234858457151
7.43653459315463	-0.323789456148081
7.52642594172977	-0.453405390199385
6.29646548009572	-0.250011325808453
7.94627995158351	-1.72983897578618
7.11865593400071	-0.166797554540052
9.25589143370857	-2.19855044249868
8.15584155053998	-0.381226523863501
8.05493268070644	-1.83241263688944
9.39855244274348	-1.97049481120171
6.22435162348624	-1.45351079611000
8.32965406194296	-2.30270750521653
6.94209722884893	-0.984025201753490
7.35663083905440	0.110659177738628
8.25844079003757	-1.24937389198976
8.89169430401487	-0.504298366613256
7.16337758929462	-0.837962506899456
8.55314824537458	0.211820984115178
9.45840931889532	-1.15831558136801
7.14491782124339	-0.707028963860376
7.00787738336597	1.46771439834832
7.98830058280236	0.146233767761576
8.62691073478190	-1.93384311449786
8.00149921701048	0.119792055161912
7.18367326243208	-1.92422673874702
8.11514753619814	-0.990093039977069
8.20706866486550	-0.710633144883360
7.55543819086741	-0.129996954926883
6.87951025731579	-1.39726178969411
8.43535796262228	-0.462142222568179
8.01708863395689	0.769736689855547
7.63701437113811	-2.90548499483742
7.36876252392030	-2.07674812266267
7.49967501537269	0.194940893924751
7.13280682682993	-1.29394845679355
6.95990684338504	-1.03817781030342
9.26543147184901	-0.0760654336570037
7.75854214245919	1.22306114540209
6.27096858309742	-2.30189540829378
7.51175911635205	-1.90899084084266
9.06038432430823	-1.07750016956605
7.46184602828997	-0.999489552680065
9.77733767442684	-0.893144557667815
7.22048120797766	-1.31246453383717
7.24702807685335	0.219646681461001
6.96686662733717	-1.90956139268677
9.16383851849648	-0.796023365840306
7.41989393661458	-0.0102525533773571
8.41730238785307	-0.624800423673019
6.35187497880316	-1.62212620908169
7.42732454489127	-0.879445006290428
8.65923204167785	-1.31739604265490
6.71959840222863	-1.59968385310511
8.05012405017622	0.353153911479706
8.54840293762027	-1.19766765449443
9.77844671267249	-1.57800196061392
8.64108717450748	-1.75596950404247
8.94670337846871	-0.878801069510659
7.64574500564297	-2.49584138246154
7.42118282533476	-2.64615889096926
8.05647331711404	-0.807102504762933
7.10667730663080	-2.28976958336882
9.12207787049126	-1.39984895959275
8.77582876845974	-0.224596954584789
8.96249561934659	-0.0778500165396204
9.26078405724357	0.544535846317686
7.89208148413475	-2.00956226346458
7.42284245238849	-0.143293621553581
8.52563260373403	-0.674713459661099
9.15195969555778	0.252438757521003
8.85837886330122	-0.779841415906146
8.94557619934023	-0.184803316638834
9.50613043331793	0.139422198100279
8.29533794457078	-1.41171095589396
9.20409693529496	-1.46106509786123
7.98815419391519	-2.32904861503974
8.78950035348253	-1.08750018198173
6.59641779453752	-0.644554014728809
9.54210605249637	-1.74313872777445
6.22509321713835	-0.927969315695801
8.20565653844734	-1.35640336061889
7.65379009110616	-1.43169178371126
6.84101715587598	-0.220671819618081
8.33582633596224	-0.183675423391727
8.33224306048862	0.148304026098947
9.41120936103881	-2.08495993799929
8.13686292462990	-1.13612227325097
8.57762813405823	-0.344908272307525
8.24308798596181	-2.29346105019097
9.46767112550249	0.926739987557486
9.13055399842330	-0.766748252130229
8.01065316104850	-1.54502234965231
8.12433369163518	0.0328124969722279
9.77943113686421	-0.622863445187322
7.76052773027009	-0.890744666161175
8.85799247172804	-1.68018829524834
7.12164521870094	-2.76539237625783
7.23805398068351	-1.96356772348381
8.86278270252672	-1.64563263695562
8.64830514404907	-0.547472221844687
9.05809227042019	-0.385501778125661
7.36680861251518	-1.78530065479151
9.01798941829306	-0.171823806981319
8.17192567450096	-0.332582991328192
7.95252591151617	-1.12550088318498
9.68914546929209	-1.95122887110800
9.43704449250503	-0.107960003392470
5.74892169770338	-1.12972158019449
8.35648912961467	-2.01348513140466
7.14975845376609	-0.747712983712513
7.70044896098640	-0.476414673503617
7.36575140675977	-2.46162963460323
9.62447736292239	0.866405596610507
9.24107013210744	-3.14905203056317
8.55528054246530	-2.63523665893812
8.70341761551501	0.224019127017275
8.45816333908780	-0.674825988525253
8.68398399019310	-1.42891304422435
8.25128957956171	-0.988403911245805
7.82149610470055	-0.268681526595293
8.50772583022758	-1.86802276276735
7.69010088182740	-0.0718404201395115
7.60562975388524	-0.302683236617018
7.73026145766895	-1.04515034345499
7.91186982784253	-0.808788859161112
8.00802927442394	-1.62876295834108
10.5317956150031	-1.85661320665286
6.77675694233321	-1.38871273966776
6.92824939345292	0.0285084502639834
8.24605864541318	-1.23972032137289
7.94938852270212	-1.45162276675624
7.26984937469983	-1.97926722102965
8.32698712579826	-2.13344728607767
8.75299091328220	-0.977879107335736
6.84627845349087	0.0402394941907016
7.59213295022162	0.231484088234007
6.71209356881885	-0.439820578629154
8.08357768708271	-1.30903866985267
8.16379930050532	-1.36760408408694
8.68257471353353	-0.634366635282913
6.91363238476556	-0.0625613001451300
8.29749237848031	-0.0257562981942628
7.85669174441037	-3.11892398398602
9.39195366021220	-1.04646474247378
8.30674737332861	-1.96678090485509
7.46281579821673	-1.47124902391306
7.77106775734919	0.735227438436980
7.46377959763951	-1.77753013365404
9.43902127211766	-2.68379741021016
7.48890031203512	-0.822972897295922
6.39316455273989	-1.12447753896034
7.79875697803998	-1.41555485601034
9.14350341027786	-0.120541736464970
8.66329108088833	-0.433871894711002
8.16408436577093	-0.624083008370420
9.78540550916262	-1.27695382760380
7.41228852263471	-0.649901473907385
8.25903630775329	-1.29130715746700